0.00000 1207.47071 2141.89172 4403.44512 7195.65986 6165.25621 5458.55946 5539.00083 4491.62192 7668.54218 6859.87112 5288.41940 2902.66109 6541.37864 7751.01298 5524.33088 4872.31579 5540.90607 7731.05515 6749.43938 5904.53935 6587.56638 4893.36309 4612.47026 4886.70839 3654.29203 3705.59079 5990.18924 5475.65888 5489.78320 3782.49485 1207.47071 0.00000 1561.67605 3757.98686 7004.49164 5769.72673 5622.63549 5087.39486 5050.72130 7155.21105 6545.46978 4677.96560 3032.13652 7256.88267 8043.54094 5674.28293 5664.33015 6396.41721 8597.02127 7265.55573 6622.66852 7043.28323 4105.23568 5282.73681 4223.75353 2464.83398 3113.98361 5528.45991 4914.92271 4662.41077 2846.18176 2141.89172 1561.67605 0.00000 2283.67892 5442.92558 4220.04943 7182.88453 3544.83969 6535.67565 5649.69082 4988.33484 3192.39471 1763.68408 8670.94309 6578.75575 4218.81983 7009.59092 7682.10815 9857.08924 8788.14068 8031.00848 8582.47012 2751.58859 6712.96544 2765.44899 2861.00100 1599.70122 3992.01189 6184.67919 3349.29325 1734.06732 4403.44512 3757.98686 2283.67892 0.00000 3420.68600 2092.26410 9156.53257 1409.90249 8803.99205 3397.22703 2885.28777 920.03339 2328.89185 10943.67916 4934.82900 2969.36902 9270.78840 9886.65747 11597.25666 11001.66630 10307.97174 10747.29579 665.57583 8996.61256 483.35658 3658.93229 699.93652 1812.10844 7322.07588 1217.59101 1281.18073 7195.65986 7004.49164 5442.92558 3420.68600 0.00000 1336.49941 12195.63619 2010.78468 11082.09194 1118.05949 572.87468 2585.97502 4298.81614 9974.25928 1716.51025 1885.90174 10281.52660 9882.72789 8655.01133 10398.09730 10323.76930 10676.16250 3385.24211 10744.43526 3048.32415 6881.55667 3953.99344 1638.46385 9952.46448 3102.73246 4652.88155 6165.25621 5769.72673 4220.04943 2092.26410 1336.49941 0.00000 11213.59919 689.21017 10627.23553 1516.53247 793.58327 1253.07263 3401.48315 11165.62165 2966.36185 1845.77226 10504.70408 10564.44499 9970.48058 11731.68478 11210.66845 12012.64663 2065.94529 10604.89585 1712.12533 5580.89659 2665.79069 312.97928 8971.45869 1869.63452 3316.55679 5458.55946 5622.63549 7182.88453 9156.53257 12195.63619 11213.59919 0.00000 10562.22981 1530.29808 11146.34951 11895.10842 9961.47903 8357.53682 2396.89267 10661.58119 10766.16666 2263.28612 2598.07021 3670.91659 1910.50842 2107.21645 1625.62359 9148.35279 1837.68314 9507.81763 5636.13234 8648.18786 10902.93052 2424.71374 9389.83863 7906.60312 5539.00083 5087.39486 3544.83969 1409.90249 2010.78468 689.21017 10562.22981 0.00000 10030.18929 2131.16839 1481.76764 652.08300 2887.86390 11429.74699 3572.48352 1999.13620 10154.53170 10462.94368 10563.45196 12177.39178 11112.86966 12125.14501 1474.87844 10097.97275 1066.29415 4975.04078 1978.35967 452.15011 8509.76401 1442.47413 2657.63559 4491.62192 5050.72130 6535.67565 8803.99205 11082.09194 10627.23553 1530.29808 10030.18929 0.00000 12134.11387 11151.23733 9722.71795 7229.22432 2227.56543 9766.45037 9279.10326 1016.19598 1687.10479 3630.44258 2263.45934 1621.74810 2097.26001 9123.06677 437.42000 9274.21256 5989.49729 8134.80614 10480.39634 3652.30158 9617.75611 7804.85147 7668.54218 7155.21105 5649.69082 3397.22703 1118.05949 1516.53247 11146.34951 2131.16839 12134.11387 0.00000 988.23180 2477.29597 4909.78229 10380.59539 2575.10358 2872.27893 11343.81214 10769.37587 8966.52589 10417.25128 10951.60336 10599.37183 3119.95478 11860.47816 2935.41044 6361.68155 4054.12177 1679.21961 8917.05492 2658.00885 4445.06821 6859.87112 6545.46978 4988.33484 2885.28777 572.87468 793.58327 11895.10842 1481.76764 11151.23733 988.23180 0.00000 2026.77153 4008.97779 10544.32983 2278.74963 1898.06930 10607.94262 10346.48719 9224.77915 10954.01216 10853.77007 11223.02964 2816.95635 10947.54320 2493.71636 6308.74585 3453.33719 1081.42786 9474.88980 2531.35183 4096.84461 5288.41940 4677.96560 3192.39471 920.03339 2585.97502 1253.07263 9961.47903 652.08300 9722.71795 2477.29597 2026.77153 0.00000 2912.71344 11747.40103 4204.00796 2597.85916 10117.72915 10633.12040 11209.42695 11871.47318 11166.15310 11586.62726 826.69672 9898.70361 471.75510 4339.45874 1593.46600 947.54318 7858.90631 855.51129 2070.17339 2902.66109 3032.13652 1763.68408 2328.89185 4298.81614 3401.48315 8357.53682 2887.86390 7229.22432 4909.78229 4008.97779 2912.71344 0.00000 8834.68986 5023.11899 2674.93509 7278.16178 7720.80548 9359.50219 9334.62302 8295.42996 9265.55290 2993.77093 7225.37403 2703.72543 4585.16976 1813.06075 3304.72166 7904.15859 3525.50346 2767.54219 6541.37864 7256.88267 8670.94309 10943.67916 9974.25928 11165.62165 2396.89267 11429.74699 2227.56543 10380.59539 10544.32983 11747.40103 8834.68986 0.00000 8267.48237 9459.11579 1673.34104 1114.54877 1415.09365 757.75609 640.50512 970.63428 11350.62879 1975.43400 11425.67750 7987.10311 10243.98265 11451.58113 4718.82529 11776.99563 10029.32942 7751.01298 8043.54094 6578.75575 4934.82900 1716.51025 2966.36185 10661.58119 3572.48352 9766.45037 2575.10358 2278.74963 4204.00796 5023.11899 8267.48237 0.00000 2371.55146 8773.82538 8233.70187 7008.09186 8773.98789 8614.37148 9062.26029 5027.43189 9334.52980 4638.75466 8543.41733 5332.99712 3279.32383 11313.84952 4804.44461 6212.99820 5524.33088 5674.28293 4218.81983 2969.36902 1885.90174 1845.77226 10766.16666 1999.13620 9279.10326 2872.27893 1898.06930 2597.85916 2674.93509 9459.11579 2371.55146 0.00000 8764.53248 8719.43940 8734.70650 10209.87417 9366.68329 10421.76073 3341.26298 9049.98902 2872.35558 6564.97575 3151.56578 2039.30369 10256.70318 3435.30369 4194.94120 4872.31579 5664.33015 7009.59092 9270.78840 10281.52660 10504.70408 2263.28612 10154.53170 1016.19598 11343.81214 10607.94262 10117.72915 7278.16178 1673.34104 8773.82538 8764.53248 0.00000 758.85924 2932.71905 2057.25576 1048.72413 2025.70283 9748.77875 581.01952 9752.33893 6939.74393 8570.89927 10528.15388 4589.95216 10324.94705 8506.53813 5540.90607 6396.41721 7682.10815 9886.65747 9882.72789 10564.44499 2598.07021 10462.94368 1687.10479 10769.37587 10346.48719 10633.12040 7720.80548 1114.54877 8233.70187 8719.43940 758.85924 0.00000 2209.59302 1718.02823 665.15389 1797.21653 10433.23598 1285.14449 10351.75904 7670.34619 9193.86876 10713.82356 5017.48057 11030.41220 9242.59894 7731.05515 8597.02127 9857.08924 11597.25666 8655.01133 9970.48058 3670.91659 10563.45196 3630.44258 8966.52589 9224.77915 11209.42695 9359.50219 1415.09365 7008.09186 8734.70650 2932.71905 2209.59302 0.00000 1765.96471 2011.01753 2054.17564 12035.47557 3339.68950 11599.23162 9304.16603 11157.33185 10282.29233 5759.63252 11594.24881 11430.49720 6749.43938 7265.55573 8788.14068 11001.66630 10398.09730 11731.68478 1910.50842 12177.39178 2263.45934 10417.25128 10954.01216 11871.47318 9334.62302 757.75609 8773.98789 10209.87417 2057.25576 1718.02823 1765.96471 0.00000 1074.00221 288.40126 11054.70260 2156.56475 11408.43639 7538.27957 10378.35249 12035.39652 4071.16200 11175.87477 9804.38342 5904.53935 6622.66852 8031.00848 10307.97174 10323.76930 11210.66845 2107.21645 11112.86966 1621.74810 10951.60336 10853.77007 11166.15310 8295.42996 640.50512 8614.37148 9366.68329 1048.72413 665.15389 2011.01753 1074.00221 0.00000 1132.79687 10726.24708 1340.06587 10791.24554 7521.07907 9609.64812 11378.30672 4523.04994 11239.31439 9421.25576 6587.56638 7043.28323 8582.47012 10747.29579 10676.16250 12012.64663 1625.62359 12125.14501 2097.26001 10599.37183 11223.02964 11586.62726 9265.55290 970.63428 9062.26029 10421.76073 2025.70283 1797.21653 2054.17564 288.40126 1132.79687 0.00000 10766.55384 2043.52960 11131.13222 7250.19306 10155.43398 12278.52543 3795.10828 10907.82122 9526.89776 4893.36309 4105.23568 2751.58859 665.57583 3385.24211 2065.94529 9148.35279 1474.87844 9123.06677 3119.95478 2816.95635 826.69672 2993.77093 11350.62879 5027.43189 3341.26298 9748.77875 10433.23598 12035.47557 11054.70260 10726.24708 10766.55384 0.00000 9386.48105 471.41530 3516.42472 1283.05563 1754.57787 7048.16143 603.15773 1326.04687 4612.47026 5282.73681 6712.96544 8996.61256 10744.43526 10604.89585 1837.68314 10097.97275 437.42000 11860.47816 10947.54320 9898.70361 7225.37403 1975.43400 9334.52980 9049.98902 581.01952 1285.14449 3339.68950 2156.56475 1340.06587 2043.52960 9386.48105 0.00000 9477.55979 6385.71471 8307.48393 10529.04108 4064.94751 9920.55533 8090.80813 4886.70839 4223.75353 2765.44899 483.35658 3048.32415 1712.12533 9507.81763 1066.29415 9274.21256 2935.41044 2493.71636 471.75510 2703.72543 11425.67750 4638.75466 2872.35558 9752.33893 10351.75904 11599.23162 11408.43639 10791.24554 11131.13222 471.41530 9477.55979 0.00000 3910.57684 1182.03502 1412.44215 7495.90265 830.97862 1604.56987 3654.29203 2464.83398 2861.00100 3658.93229 6881.55667 5580.89659 5636.13234 4975.04078 5989.49729 6361.68155 6308.74585 4339.45874 4585.16976 7987.10311 8543.41733 6564.97575 6939.74393 7670.34619 9304.16603 7538.27957 7521.07907 7250.19306 3516.42472 6385.71471 3910.57684 0.00000 3418.26588 5268.48763 3692.50529 3790.03548 2385.92134 3705.59079 3113.98361 1599.70122 699.93652 3953.99344 2665.79069 8648.18786 1978.35967 8134.80614 4054.12177 3453.33719 1593.46600 1813.06075 10243.98265 5332.99712 3151.56578 8570.89927 9193.86876 11157.33185 10378.35249 9609.64812 10155.43398 1283.05563 8307.48393 1182.03502 3418.26588 0.00000 2415.10371 7105.67028 1877.33942 1113.20588 5990.18924 5528.45991 3992.01189 1812.10844 1638.46385 312.97928 10902.93052 452.15011 10480.39634 1679.21961 1081.42786 947.54318 3304.72166 11451.58113 3279.32383 2039.30369 10528.15388 10713.82356 10282.29233 12035.39652 11378.30672 12278.52543 1754.57787 10529.04108 1412.44215 5268.48763 2415.10371 0.00000 8675.27937 1564.72712 3016.32091 5475.65888 4914.92271 6184.67919 7322.07588 9952.46448 8971.45869 2424.71374 8509.76401 3652.30158 8917.05492 9474.88980 7858.90631 7904.15859 4718.82529 11313.84952 10256.70318 4589.95216 5017.48057 5759.63252 4071.16200 4523.04994 3795.10828 7048.16143 4064.94751 7495.90265 3692.50529 7105.67028 8675.27937 0.00000 7113.81316 6070.22864 5489.78320 4662.41077 3349.29325 1217.59101 3102.73246 1869.63452 9389.83863 1442.47413 9617.75611 2658.00885 2531.35183 855.51129 3525.50346 11776.99563 4804.44461 3435.30369 10324.94705 11030.41220 11594.24881 11175.87477 11239.31439 10907.82122 603.15773 9920.55533 830.97862 3790.03548 1877.33942 1564.72712 7113.81316 0.00000 1830.71633 3782.49485 2846.18176 1734.06732 1281.18073 4652.88155 3316.55679 7906.60312 2657.63559 7804.85147 4445.06821 4096.84461 2070.17339 2767.54219 10029.32942 6212.99820 4194.94120 8506.53813 9242.59894 11430.49720 9804.38342 9421.25576 9526.89776 1326.04687 8090.80813 1604.56987 2385.92134 1113.20588 3016.32091 6070.22864 1830.71633 0.00000 